1 0.34997486376901593
2 0.3733976566234718
3 0.3951855325901331
4 0.4101036796840639
5 0.4166417067154704
6 0.43012283536785473
7 0.42661918819963046
8 0.4441459146338157
9 0.4462916708675919
10 0.4397855706338923
11 0.4533311372223427
12 0.4539234525269004
13 0.4538759296550366
14 0.4549471075051403
15 0.46773059343456463
16 0.47126675620200525
17 0.46779616129626134
18 0.4650197171165179
19 0.4707309742262409
20 0.48917526731192434
21 0.4837550956858698
22 0.4880608651478579
23 0.488753487444987
24 0.49680525893365246
25 0.4981936675095001
26 0.503747272073843
27 0.49733579000596534
28 0.5027448360327702
29 0.5079817711800779
30 0.5094473536606807
31 0.5014683885179507
32 0.4836775339712763
33 0.5148192902912253
34 0.5099890521883711
35 0.5093585783319109
36 0.5221774235462687
37 0.5201842491603961
38 0.5083230639908723
39 0.5217438572404745
40 0.5118274240736749
41 0.521213560853541
42 0.5231266507360839
43 0.5251346445007689
44 0.5244476648715904
45 0.5241710504718647
46 0.5278707130509577
47 0.5273052605853719
48 0.5221594698300027
49 0.5252001633879485
50 0.5283346362174697
51 0.5270990175995857
52 0.5257510020537994
53 0.5280831729846902
54 0.5245432969807566
55 0.5264869589841037
56 0.530142927878475
57 0.5268650956277888
58 0.5312117463147817
59 0.5263955771543418
60 0.5223702741213412
61 0.5297084235588203
62 0.5272567684103728
63 0.5316447962051744
64 0.5184520766170668
65 0.5227331222685533
66 0.530103404683925
67 0.529605866079624
68 0.5240418592076392
69 0.5293523695501805
70 0.5310541376503157
71 0.5284996577192517
72 0.5283453985890512
73 0.5240186068472589
74 0.5328314333458108
75 0.5302162579480251
76 0.5276682178812169
77 0.5316049506266912
78 0.5313172106909904
79 0.527887734827722
80 0.5297060827161096