1 0.328303800338203
2 0.36215797937504807
3 0.37620525501051527
4 0.39469068211101926
5 0.39985073384712205
6 0.4039319508932452
7 0.4221294795631603
8 0.42758431220763304
9 0.43520733756814034
10 0.4346665442464458
11 0.4424573090995193
12 0.446545712127807
13 0.41727515428688877
14 0.4451761788623348
15 0.45813234574349315
16 0.460972568190275
17 0.45998344527687995
18 0.46273073889394223
19 0.4673526534798798
20 0.4742818653203879
21 0.46706716305004814
22 0.47651367984126836
23 0.4805403808309774
24 0.47594354765177277
25 0.4866883441521104
26 0.48885321867061016
27 0.4857542126295167
28 0.4873472791315391
29 0.4950644228362227
30 0.4961983839923915
31 0.4912969392196388
32 0.48609817659209487
33 0.5063918532206501
34 0.4936924488333127
35 0.4951041240221376
36 0.5061684294491057
37 0.5024353926348838
38 0.5012060580043529
39 0.5035527287142039
40 0.5071765870298802
41 0.5117665092023821
42 0.5047923534665645
43 0.5108385240765894
44 0.510172423916511
45 0.5144663549279458
46 0.5170104962372223
47 0.5168976402523158
48 0.5167453955945949
49 0.5161284119713332
50 0.5094229406865033
51 0.5215896826767364
52 0.5199010935938282
53 0.5275969077890339
54 0.5210390876179795
55 0.520352922933623
56 0.5270011648377542
57 0.5239546833650828
58 0.5284255613946611
59 0.5258143007312358
60 0.5211323068779745
61 0.533762396331046
62 0.5268039626806911
63 0.5308794773434884
64 0.5162063648176801
65 0.5250096498274752
66 0.5285649160733902
67 0.5315491472333354
68 0.52595052714687
69 0.5329373271665249
70 0.5329139800524763
71 0.5268656974954969
72 0.5306652115851704
73 0.5291736644164772
74 0.5331745377708139
75 0.5325408861072707
76 0.5290933494038895
77 0.5327021715620773
78 0.534831677842292
79 0.5306551117299722
80 0.5339312900466777