1 0.5726805263517263
2 0.5852325153072422
3 0.5922285762562114
4 0.593521935481681
5 0.6123404352275176
6 0.6155946795095051
7 0.6300943360333736
8 0.6245925533417177
9 0.6379765139263907
10 0.6374304361657226
11 0.6435045212697071
12 0.6470173301843575
13 0.6450494168417216
14 0.6404329761071823
15 0.6608362254823089
16 0.6695144554232336
17 0.6559452267082887
18 0.6692169324481057
19 0.660463358249887
20 0.6651871678935495
21 0.6579448344727737
22 0.6629800109979707
23 0.6635328361689412
24 0.6775841792677618
25 0.6702993152121323
26 0.6790701626086184
27 0.668572871548355
28 0.6789349987628354
29 0.6846719067820571
30 0.6825480951498522
31 0.6798629715184498
32 0.6762597035070893
33 0.688397614819229
34 0.6789014924736793
35 0.6604926368486603
36 0.6879808566752513
37 0.6855227486596239
38 0.6848814751312231
39 0.6849801584666955
40 0.6824874965881339
41 0.6857565729987596
42 0.6848583059452649
43 0.6888709115754267
44 0.68685393709286
45 0.6868413158409661
46 0.6885289499840666
47 0.684921207511501
48 0.6843681982748068
49 0.6839654527272389
50 0.6892451169384513
51 0.6890962848364675
52 0.6850249585705451
53 0.6899286444652866
54 0.6830740869045258
55 0.6866569285559806
56 0.688793517285345
57 0.6832698615872936
58 0.6894869253260821
59 0.686563952649981
60 0.6752675226286465
61 0.690217301344416
62 0.6867313702648106
63 0.6894062323428516
64 0.6677473119110059
65 0.6789757976992621
66 0.6886524419496014
67 0.689004628901269
68 0.6759973683428107
69 0.687786169049593
70 0.6869664237757397
71 0.6879185877914388
72 0.6843582294296054
73 0.676243928840459
74 0.6922213707253685
75 0.689024701303231
76 0.6830891634628271
77 0.6906025692535813
78 0.6917411929229769
79 0.6871260708937473
80 0.6874590068739185