1 0.3036286177275793
2 0.32803019288049384
3 0.34221946698022243
4 0.3381858703278938
5 0.3585679431598151
6 0.3720647350997682
7 0.3702780109238979
8 0.3943649751080829
9 0.40399537896717685
10 0.4083295789746975
11 0.41551149538431453
12 0.42016936215372347
13 0.4065930863601134
14 0.4225924556517297
15 0.4390522464318893
16 0.4432427839805113
17 0.433080660230668
18 0.43304822048184216
19 0.4492773231427381
20 0.4581887152544252
21 0.4348528303221786
22 0.4585686074826874
23 0.4598218813190541
24 0.4663871002171956
25 0.4666744930286063
26 0.47037972019483076
27 0.45992751495473705
28 0.47647507710188564
29 0.49108117195577883
30 0.48509558051381646
31 0.48610292305485714
32 0.4829901537824335
33 0.4972480584544994
34 0.49059995793739447
35 0.4750924919694346
36 0.49057815703237134
37 0.49336533767276003
38 0.49036221592163076
39 0.494169676601254
40 0.4967645204244399
41 0.49068820944763797
42 0.49336760306054617
43 0.5019523031266125
44 0.49810334540223367
45 0.5006533219239767
46 0.49713659852806424
47 0.5083203914945039
48 0.5031321792845513
49 0.5050790695564509
50 0.4991516054246076
51 0.5076961879580897
52 0.5007930172097151
53 0.5083476909280077
54 0.5049091988814611
55 0.5024002513941179
56 0.5097186641328654
57 0.5163913363484061
58 0.5109011022464991
59 0.509123212592617
60 0.5055526499092705
61 0.5139742940980664
62 0.5088940751274174
63 0.5182428067656839
64 0.4938410444940478
65 0.505893862551185
66 0.5187337378597563
67 0.5177496322401011
68 0.5168631105602673
69 0.5219858924358007
70 0.5266665212034926
71 0.5128768268664172
72 0.5174104771290109
73 0.5214131722531248
74 0.5250542963323067
75 0.5256285679441602
76 0.5234642217999558
77 0.5270401879101042
78 0.5256097984921401
79 0.5248496029407356