1 0.41962461562673
2 0.5519561432855651
3 0.5443412438193198
4 0.547958156548741
5 0.5754386819978176
6 0.5752248846295027
7 0.5897489232495585
8 0.5910125901871173
9 0.6172558994936083
10 0.6183078029606246
11 0.6279523587783684
12 0.6360544850239075
13 0.6329106827070758
14 0.6334540666794828
15 0.6465050347797936
16 0.6602743230681004
17 0.636510901580191
18 0.6569980100081985
19 0.6617010708447475
20 0.6536132910322485
21 0.6268591735899575
22 0.6438247887318808
23 0.6609168546214984
24 0.6650353431575111
25 0.6644094881864616
26 0.6705106096282886
27 0.659626055928046
28 0.6702103578740624
29 0.6729983047062171
30 0.6744952909885698
31 0.6706788002685377
32 0.6671824547642102
33 0.6814863676098502
34 0.6700936297702181
35 0.6434565211177632
36 0.6857474858846887
37 0.6753861328345702
38 0.6813533573140511
39 0.6703634593643707
40 0.6818067192904762
41 0.6662864789461634
42 0.6785446365547788
43 0.6818914759564045
44 0.6846546347227319
45 0.6871590324521318
46 0.6840476518350549
47 0.68244481890318
48 0.6884041380477306
49 0.6830382959604769
50 0.6830706917809326
51 0.6931335342664374
52 0.6850136807643178
53 0.6897123505988192
54 0.6773710662771941
55 0.6897086754852546
56 0.6881862588369163
57 0.6835879231081393
58 0.6903609041195766
59 0.6807400420972496
60 0.6729668163696418
61 0.6919702062434705
62 0.6880659676787706
63 0.6914877716269969
64 0.656877631594421
65 0.6818347945967551
66 0.692971685762871
67 0.6903231251518185
68 0.6783388819537598
69 0.6909435525568175
70 0.6910422460162209
71 0.6860348596820912
72 0.6911153969871011
73 0.6805581663064896
74 0.7002309131774174
75 0.6921343246589547
76 0.6851417861420132
77 0.6953409114207938
78 0.695312716082656
79 0.6892720813331078
80 0.6916605975091331