1 0.3257639016600172
2 0.3483626071181773
3 0.34749843243454165
4 0.34417562148753245
5 0.3626454110769456
6 0.38893432121114874
7 0.39926491247494
8 0.4048075932226363
9 0.41687214966159464
10 0.4199617633837297
11 0.4253633867972975
12 0.43170788289381945
13 0.42708953076107486
14 0.4290780573450583
15 0.45136192064502945
16 0.4461540222927264
17 0.4455106604820604
18 0.4505339916597759
19 0.4584604684904123
20 0.4703834827222136
21 0.463495486860822
22 0.4728314972100997
23 0.4722417686648683
24 0.4775743384206877
25 0.4794775451950713
26 0.48653837003905304
27 0.48207565465044316
28 0.4848275844268738
29 0.4967450279022731
30 0.5021848177454274
31 0.48798544511926656
32 0.45722168051260037
33 0.5111669641771134
34 0.49415327659205016
35 0.4904777890431147
36 0.5089376912058792
37 0.493529343680971
38 0.48666161653089424
39 0.5059590006520034
40 0.500686213943609
41 0.4977072543462624
42 0.5178202787718702
43 0.521972914093872
44 0.5177742823673661
45 0.5193027220587315
46 0.5093008022589288
47 0.5234310847179146
48 0.5214273944149098
49 0.5272088459596006
50 0.5258807256153435
51 0.5321109104751275
52 0.5249383973784254
53 0.5177836961996783
54 0.5238972232220279
55 0.5245283673776436
56 0.5288153115478038
57 0.5329337557599803
58 0.5339046586344449
59 0.523720186322358
60 0.5284577206947748
61 0.5352096909423796
62 0.5375855901059071
63 0.5363707777484461
64 0.5181511958819792
65 0.5312253673997908
66 0.536824399656804
67 0.5413447828872442
68 0.5349183910844686
69 0.5461169609092097
70 0.5438149255995032
71 0.5356462787037949
72 0.5377861460049947
73 0.5370212396618667
74 0.5451687681004247
75 0.5449881407169274
76 0.5413317202635884
77 0.5429674946958092
78 0.5433537654436318
79 0.540057806389094
80 0.546846143505882