1 0.8714415142490606
2 0.8167119763965566
3 0.7705372259368816
4 0.7572540415573525
5 0.7472282822091615
6 0.7353043890935853
7 0.7298355552421254
8 0.7250086945459848
9 0.7134078351302259
10 0.7059327799296936
11 0.7031844265901359
12 0.6946128373313102
13 0.6939435592375996
14 0.6972185859887716
15 0.6882507122119774
16 0.670109794587846
17 0.685205563365021
18 0.6627825953525089
19 0.65364393636173
20 0.6590861551574334
21 0.675731363253482
22 0.6631474093140564
23 0.6543135698054247
24 0.656118895977166
25 0.6454870767907226
26 0.6478317710244732
27 0.654503811759807
28 0.6454873755099667
29 0.6452622706596512
30 0.649073990856766
31 0.6568466390141003
