1 0.4184179726173417
2 0.555059209181245
3 0.5448934363078666
4 0.5517229081592235
5 0.5768713916942572
6 0.5761057644006806
7 0.5885116247867576
8 0.5854304329098663
9 0.6152851298736159
10 0.6133213098894512
11 0.6276724328407562
12 0.6345302248709774
13 0.6314410777987948
14 0.6320567921974604
15 0.6455677979944112
16 0.6604084815442436
17 0.6358820031023329
18 0.6550965607799036
19 0.6592938923405487
20 0.6460342890644276
21 0.6213694681154441
22 0.6374226944588299
23 0.655516365657693
24 0.6589200458708843
25 0.6593449917441974
26 0.6678761338099299
27 0.6524503785333816
28 0.6680099231422327
29 0.6663285267327748
30 0.6691261165460963
31 0.6660403838962506
