1 1.1797609670273563
2 0.5318142336866405
3 0.48859219357466244
4 0.5046947371618004
5 0.4507810183802734
6 0.43700364090486443
7 0.46538221715868405
8 0.41911452491382123
9 0.4039233792454574
10 0.38439656074322964
11 0.41672847670702673
12 0.3545683856080672
13 0.36169607447748986
14 0.35731046182556264
15 0.3387867445620508
16 0.33770829525374807
17 0.3520264037807656
18 0.3393122528911017
19 0.3404582800094489
20 0.3332165085696744
21 0.37436443944550624
22 0.3364095193850007
23 0.3307312991620376
24 0.3213893503361953
25 0.3252229571753753
26 0.3141986505699892
27 0.3286784227201893
28 0.31931496731889475
29 0.3297762432612178
30 0.3102164942526007
31 0.30807662474470027
